DRIVER
  os.environ['SMA_TSO_COSMOS_ELEMAT'] = '1'
  driver.registerSaveRule( UpdateRules.COPY, CheckPoints.ITER_COMPLETE, EventTimes.LAST, [ '*.ste*' ], 'SAVE.ste', '' )
  driver.registerSaveRule( UpdateRules.COPY, CheckPoints.ITER_COMPLETE, EventTimes.LAST, [ '*.lcd*' ], 'SAVE.ste', '' )
  driver.registerSaveRule( UpdateRules.COPY, CheckPoints.ITER_COMPLETE, EventTimes.LAST, [ '*.lcm*' ], 'SAVE.ste', '' )
END_

FEM_INPUT
  ID_NAME = AERO_MEEN_Landing_Gear-Topology_Study_1_1
  FILE = AERO_MEEN_Landing_Gear-Topology Study 1.NOD
END_

*SET_DB,rint,130,1

GROUP_DEF
  ID_NAME = FROZEN_AREA_ELEMS_GRP_1
  TYPE=ELEM
  FORMAT=LIST
  LIST_BEGIN
14,39,63,64,65,67,135,172,173,175,200,303,304,306,382,405,429,656,660,743,744,745,746,748,
843,845,847,848,849,850,864,865,866,867,868,877,1082,1132,1178,1180,1190,1518,1519,1630,1660,
1708,1709,1710,1728,1729,1751,1752,1753,1834,1926,1994,2002,2004,2039,2040,2042,2096,2108,
2210,2243,2249,2260,2411,2444,2520,2525,2795,2798,2837,2890,3085,3087,3155,3156,3157,3217,
3218,3219,3322,3344,3358,3411,3465,3685,3819,3820,3822,3823,3826,3827,3829,3830,3831,3832,
3833,3908,3909,3910,3911,3913,3981,3982,3983,3987,4181,4185,4187,4246,4248,4363,4366,4496,
4497,4499,4501,4609,4612,4624,4642,4643,4644,4645,4784,4925,5004,5005,5006,5007,5008,5023,
5049,5050,5216,5217,5221,5222,5223,5358,5362,5401,5466,5554,5555,5580,5581,5583,5597,5826,
5828,5829,5831,5832,5833,5986,6107,6108,6109,6113,6114,6115,6116,6127,6129,6132,6149,6150,
6151,6152,6153,6315,6316,6320,6326,6328,6342,6343,6345,6347,6354,6407,6421,6423,6429,6447,
6463,6464,6466,6468,6469,6473,6477,6479,6484,6485,6488,6490,6492,6497,6523,6558,6570,6585,
6603,6604,6660,6662,6674,6675,6695,6747,6761,6762,6763,6767,6824,6850,6851,6854,6855,6856,
6858,6866,6870,6885,6888,6894,6916,6922,6938,6939,6940,6946,6947,6980,6981,7080,7094,7131,
7138,7142,7144,7150,7157,7192,7324,7327,7328,7346,7348,7383,7396,7415,7419,7465,7468,7472,
7475,7482,7483,7484,7527,7528,7529,7531,7532,7533,7555,7587,7588,7589,7597,7614,7615,7622,
7628,7631,7640,7641,7646,7647,7648,7689,7701,7702,7707,7708,7709,7711,7713,7719,7730,7734,
7740,7745,7751,7752,7754,7766,7767,7768,7769,7770,7771,7775,7778,7801,7803,7807,7815,7852,
7853,7934,7936,7937,7938,8052,8209,8333,8335,8336,8337,8338,8608,8609,8610,8621,8622,8623,
8633,8635,8643,8645,8647,8649,8655,8657,8658,8665,8672,8673,8677,8680,8687,8694,8701,8707,
8719,8722,8729,8733,8735,8746,8752,8763,8764,8772,8786,8793,8795,8797,8799,8821,8822,8825,
8826,8832,8842,8850,8862,8863,8865,8877,8888,8893,8899,8906,8912,8913,8918,8938,8945,8952,
8962,8965,8980,8984,8987,8989,8991,8992,8993,8994,8996,8998,8999,9000,9001,9003,9011,9016,
9022,9025,9030,9033,9035,9047,9057,9063,9069,9070,9077,9078,9083,9092,9093,9094,9095,9098,
9109,9110,9112,9123,9124,9125,9130,9133,9138,9139,9143,9144,9148,9150,9151,9152,9156,9159,
9161,9165,9168,9173,9180,9182,9189,9191,9193,9194,9198,9208,9225,9227,9230,9237,9241,9244,
9252,9255,9256,9261,9272,9278,9279,9280,9281,9282,9283,9287,9291,9293,9301,9302,9303,9305,
9307,9315,9323,9324,9325,9328,9355,9356,9367,9368,9374,9376,9430,9432,9434,9439,9441,9446,
9450,9454,9530,9540,9541,9546,9548,9550,9551,9552,9553,9588,9604,9617,9626,9627,9628,9632,
9634,9635,9638,9641,9643,9645,9646,9647,9652,9655,9657,9658,9670,9672,9678,9692,9698,9699,
9700,9701,9715,9716,9718,9719,9731,9734,9745,9746,9747,9749,9750,9752,9760,9771,9772,9774,
9776,9779,9789,9793,9796,9797,9799,9808,9809,9814,9815,9816,9817,9826,9862,9866,9963,9964,
9965,9969,9972,9973,9977,9978,9987,9991,9996,9998,9999,10001,10003,10011,10013,10016,10017,
10019,10023,10024,10025,10026,10034,10038,10039,10042,10123,10124,10129,10130,10131,10133,
10134,10138,10151,10152,10153,10161,10162,10168,10172,10173,10177,10184,10209,10215,10222,
10223,10231,10232,10235,10241,10244,10248,10273,10274,10313,10318,10320,10322,10324,10347,
10349,10350,10351,10354,10356,10357,10367,10370,10371,10410,10438,10449,10458,10459,10462,
10463,10471,10472,10473,10476,10478,10479,10502,10504,10505,10506,10527,10530,10535,10537,
10538,10539,10545,10547,10550,10564,10570,10576,10580,10581,10582,10588,10589,10592,10594,
10595,10597,10599,10612,10613,10618,10621,10623,10626,10633,10634,10635,10636,10644,10648,
10662,10669,10671,10676,10677,10680,10690,10692,10703,10704,10708,10710,10713,10714,10715,
10719,10721,10726,10727,10728,10729,10731,10737,10739,10745,10746,10748,10749,10750,10751,
10756,10757,10762,10767,10779,10782,10787,10793,10858,10864,10875,10876,10879,10880,10881,
10892,11067,11107,11111,11199,11222,11232,11233,11235,11237,11239,11240,11242,11243,11636,
11637,11644,11646,11647,11648,11650,11652,11653,11655,11658,11659,11661,11662,11663,11664,
11665,11666,11669,11671,11674,11675,11677,11679,11682,11689,11692,11696,11699,11700,11704,
11705,11706,11709,11711,11713,11714,11715,11716,11719,11720,11721,11723,11724,11725,11727,
11729,11731,11736,11737,11738,11740,11741,11744,11748,11757,11758,11759,11774,11777,11780,
11783,11784,11785,11928,11930,11935,11936,11938,11939,11940,11941,11942,11944,11948,11949,
11951,11958,11964,11965,11966,11968,11970,11972,11973,11982,11988,11989,11990,11992,11994,
11995,12007,12009,12015,12020,12037,12047,12049,12052,12054,12055,12059,12067,12134,12135,
12138,12139,12142,12219,12227,12231,12283,12285,12288,12289,12290,12294,12295,12303,12332,
12333,12351,12355,12356,12357,12360,12361,12364,12416,12424,12432,12434,12469,12477,12485,
12487,12491,12492,12495,12499,12500,12501,12532,12570,12585,12587,12588,12589,12592,12594,
12595,12596,12614,12623,12625,12679,12683,12685,12686,12690,12709,12717,12723,12724,12747,
12750,12751,12758,12760,12761,12763,12764,12765,12767,12769,12770,12771,12778,12780,12789,
12794,12796,12855,12857,12858,12861,12862,12865,12904,12907,12910,12914,12915,12917,12922,
12923,12930,12938,12939,12940,12973,12976,12977,12978,12983,12985,12992,12995,13002,13005,
13007,13051,13061,13062,13078,13084,13087,13093,13095,13098,13104,13107,13141,13143,13145,
13146,13167,13168,13173,13177,13178,13185,13187,13191,13192,13202,13204,13205,13214,13215,
13216,13228,13230,13248,13251,13260,13262,13273,13283,13284,13310,13323,13327,13328,13329,
13347,13358,13390,13399,13403,13437,13438,13440,13443,13448,13452,13453,13497,13498,13499,
13501,13508,13510,13511,13513,13523,13529,13531,13550,13557,13593,13634,13636,13645,13646,
13675,13758,13761,13762,13763,13781,13782,13785,13789,13790,13792,13793,13794,13796,13798,
13800,13816,13820,13914,13923,13958,13959,13962,13964,13968,13973,13984,14011,14012,14015,
14016,14018,14019,14066,14067,14068,14071,14088,14089,14100,14103,14111,14114,14117,14118,
14128,14129,14132,14133,14134,14150,14151,14152,14153,14156,14157,14159,14163,14166,14167,
14168,14169,14171,14177,14178,14179,14182,14204,14209,14212,14213,14216,14217,14219,14221,
14223,14244,14260,14277,14342,14358,14363,14378,14381,14382,14383,14402,14403,14405,14406,
14408,14456,14457,14458,14461,14471,14479,14480,14481,14484,14485,14549,14563,14564,14566,
14569,14573,14574,14575,14577,14578,14579,14580,14581,14582,14591,14632,14636,14637,14638,
14646,14667,14668,14672,14690,14693,14694,14696,14697,14725,14737,14740,14770,14794,14811,
14824,14827,14831,14849,14852,14863,14864,14879,14886,14887,14888,14901,14960,14965,14970,
14983,14988,14990,14991,14996,15004,15011,15015,15017,15026,15027,15032,15058,15062,15063,
15128,15131,15132,15136,15137,15138,15143,15174,15178,15196,15199,15217,15219,15220,15228,
15229,15230,15231,15232,15234,15236,15237,15242,15264,15265,15273,15310,15313,15319,15407,
15408,15410,15413,15427,15429,15432,15433,15434,15435,15436,15437,15438,15440,15441,15442,
15447,15448,15499,15500,15504,15509,15518,15520,15538,15568,15572,15631,15632,15639,15643,
15658,15661,15667,15675,15676,15679,15698,15730,15767,15768,15769,15770,15774,15790,15824,
15832,15855,15858,15859,15861,15866,15878,15893,15894,15895,15896,15897,15902,15904,15925,
15926,15958,15959,15974,15975,16003,16148,16165,16173,16174,16176,16182,16313,16326,16340,
16341,16344,16351,16353,16354,16355,16359,16360,16362,16363,16365,16366,16369,16370,16372,
16375,16376,16380,16383,16385,16390,16393,16395,16396,16398,16400,16407,16408,16410,16412,
16417,16419,16421,16423,16424,16431,16432,16433,16436,16437,16441,16442,16444,16453,16454,
16455,16456,16457,16458,16460,16461,16465,16467,16468,16471,16476,16478,16479,16480,16481,
16482,16484,16485,16486,16488,16492,16495,16497,16499,16516,16520,16523,16526,16533,16535,
16537,16538,16544,16545,16546,16551,16556,16558,16601,16604,16608,16609,16610,16615,16718,
16720,16727,16730,16732,16741,16743,16744,16751,16774,16782,16784,16816,16840,16843,16845,
16846,16849,16850,16851,16852,16853,16855,16860,16861,16862,16865,16869,16872,16873,16875,
16876,16881,16882,16883,16884,16886,16887,16888,16894,16895,16897,16898,16902,16904,16907,
16936,17000,17081,17123,17126,17129,17157,17158,17159,17161,17164,17182,17184,17185,17186,
17187,17195,17196,17199,17214,17217,17219,17220,17225,17237,17238,17239,17240,17243,17244,
17245,17246,17256,17258,17260,17261,17263,17264,17266,17267,17284,17288,17323,17324,17330,
17332,17333,17341,17343,17373,17412,17415,17426,17436,17440,17447,17450,17451,17453,17454,
17456,17457,17458,17461,17465,17467,17468,17469,17470,17475,17477,17478,17479,17481,17482,
17485,17486,17487,17490,17492,17493,17495,17497,17500,17509,17510,17511,17513,17516,17517,
17518,17521,17522,17523,17528,17530,17532,17533,17534,17535,17540,17543,17548,17549,17550,
17552,17556,17559,17566,17567,17568,17569,17570,17572,17573,17574,17579,17581,17582,17583,
17585,17588,17591,17593,17595,17598,17600,17604,17607,17609,17610,17613,17615,17617,17624,
17626,17629,17630,17632,17637,17638,17639,17640,17642,17648,17649,17658,17659,17666,17669,
17670,17672,17674,17678,17679,17683,17686,17695,17698,17703,17704,17706,17708,17709,17712,
17714,17715,17718,17720,17721,17722,17725,17730,17732,17734,17735,17737,17738,17739,17740,
17742,17744,17745,17748,17749,17751,17752,17754,17755,17756,17759,17760,17761,17764,17765,
17766,17768,17769,17773,17774,17775,17778,17780,17785,17786,17788,17789,17790,17791,17792,
17793,17795,17796,17797,17805,17806,17811,17812,17813,17815,17817,17819,17821,17823,17824,
17830,17833,17834,17839,17840,17841,17842,17846,17848,17852,17853,17855,17862,17863,17866,
17867,17870,17871,17874,17875,17876,17878,17883,17886,17889,17892,17893,17894,17898,17899,
17900,17902,17904,17905,17906,17909,17911,17912,17913,17915,17918,17922,17925,17927,17930,
17937,17942,17943,17950,17951,17955,17958,17960,17961,17963,17964,17965,17970,17974,17977,
17981,17982,17984,17985,17986,17987,17990,17991,17995,17996,17997,18000,18002,18003,18004,
18006,18007,18009,18010,18011,18017,18018,18019,18028,18030,18031,18034,18036,18037,18040,
18041,18042,18045,18047,18048,18049,18050,18052,18054,18055,18056,18059,18060,18063,18072,
18074,18075,18078,18081,18083,18084,18091,18093,18095,18100,18101,18102,18106,18108,18109,
18110,18112,18113,18115,18116,18121,18124,18125,18127,18132,18133,18137,18140,18145,18151,
18152,18160,18161,18167,18168,18170,18171,18175,18176,18177,18184,18185,18187,18191,18195,
18197,18198,18199,18200,18207,18210,18212,18214,18218,18227,18228,18229,18230,18233,18234,
18239,18240,18247,18249,18251,18253,18254,18255,18256,18258,18259,18261,18262,18263,18264,
18265,18266,18268,18269,18270,18272,18278,18281,18285,18286,18287,18290,18291,18298,18303,
18305,18306,18309,18310,18312,18313,18317,18318,18319,18323,18324,18331,18333,18337,18339,
18340,18341,18343,18345,18347,18350,18351,18352,18353,18355,18357,18358,18359,18361,18362,
18367,18368,18373,18374,18375,18380,18384,18386,18389,18391,18395,18397,18399,18401,18402,
18403,18404,18405,18406,18409,18412,18413,18419,18423,18424,18427,18428,18435,18444,18446,
18449,18450,18453,18454,18456,18458,18461,18464,18469,18471,18472,18473,18474,18475,18476,
18479,18481,18486,18487,18489,18493,18494,18495,18498,18501,18596,18620,18621,18711,18890,
18892,18894,18897,18898,18901,18904,18906,18907,18910,18914,18967,18969,18970,18977,18981,
19000,19010,19018,19020,19064,19066,19067,19118,19124,19127,19135,19136,19212,19214,19215,
19216,19217,19218,19291,19293,19294,19296,19298,19304,19307,19308,19310,19313,19314,19459,
19462,19463,19465,19468,19469,19470,19474,19482,19483,19486,19487,19488,19490,19491,19495,
19504,19510,19558,19562,19569,19571,19592,19598,19601,19605,19607,19608,19613,19621,19628,
19647,19648,19715,19716,19719,19720,19721,19724,19727,19728,19730,19731,19733,19737,19741,
19744,19746,19747,19749,19750,19754,19755,19756,19757,19762,19763,19765,19766,19771,19772,
19774,19775,19777,19803,19818,19819,19877,19878,19879,19881,19883,19889,19890,19897,19899,
19900,19901,19904,19905,19906,19927,19930,19961,19967,19970,19998,20003,20013,20031,20072,
20093,20095,20159,20178,20179,20180,20184,20190,20193,20194,20195,20196,20213,20217,20222,
20240,20241,20245,20249,20250,20256,20257,20259,20278,20280,20281,20283,20284,20314,20318,
20337,20343,20351,20463,20471,20479,20480,20488,20489,20493,20506,20565,20566,20568,20569,
20570,20572,20576,20587,20590,20593,20594,20595,20599,20634,20635,20645,20646,20651,20652,
20705,20715,20716,20717,20738,20763,20770,20771,20772,20846,20847,20849,20851,20858,20859,
20860,20865,20866,20868,20869,20881,20882,20883,20886,20887,20889,20890,20891,20892,20902,
20906,20907,20909,20911,20917,20927,20950,20964,20970,20971,20972,20973,20978,20979,20980,
20984,20985,20988,20998,20999,21000,21052,21078,21079,21083,21088,21093,21095,21098,21099,
21103,21168,21169,21180,21181,21182,21187,21246,21254,21268,21271,21272,21275,21278,21296,
21305,21318,21321,21338,21351,21354,21356,21358,21529,21534,21535,21538,21652,21655,21656,
21657,21658,21659,21660,21662,21663,21664,21665,21666,21667,21668,21670,21722,21740,21741,
21746,21747,21769,21770,21775,21777,21786,21845,21928,21994,22209,22217,22238,22245,22262,
22264,22270,22395,22447,22451,22455,22546,22547,22647,22648,22649,22650,22651,22654,22658,
22979,22980,23076,23079,23106,23111,23112,23118,23205,23206,23207,23214,23216,23219,23222,
23225,23231,23236,23285,23288,23291,23292,23298,23299,23311,23313,23318,23319,23364,23367,
23369,23375,23376,23379,23380,23390,23410,23411,23413,23414,23418,23419,23420,23421,23604,
23605,23607,23721,23722,23776,23840,23843,23845,23898,23906,23907,23910,23991,23993,23998,
24011,24224,24225,24227,24235,24236,24239,24248,24326,24330,24383,24386,24586,24623,24629,
24631,24639,24640,24642,24643,24644,24685,24698,24783,24785,24790,24795,25000,25001,25386,
25392,25393,25398,25404,25405,25416,25549,25550,25851,25852,25853,25863,25874,25877,25970,
26529,26533,26649,26653,26663,26666,26672,26678,26728,26734,26988,27125,27168,27314,27350,
27462,27468,27469,27473,27527,27537,27539,27541,27552,27557,27563,27567,27568,27569,27574,
27809,27851,27852,27897,27907,27919,27926,27931,27934,27942,27945,27946,27947,27948,27951,
27954,27957,27960,27964,27967,27969,27973,27980,27983,27987,27989,28011,28014,28024,28027,
28039,28041,28044,28046,28048,28052,28058,28061,28062,28063,28069,28071,28072,28073,28077,
28088,28103,28105,28108,28118,28130,28136,28156,28160,28174,28179,28183,28187,28188,28197,
28199,28201,28203,28216,28224,28228,28231,28234,28235,28237,28239,28240,28241,28243,28247,
28255,28258,28260,28288,28290,28291,28292,28296,28297,28298,28299,28311,28312,28313,28314,
28315,28316,28317,28318,28319,28320,28328,28329,28330,28343,28344,28345,28357,28359,28360,
28364,28366,28367,28368,28373,28399,28401,28402,28541,28546,28548,28860,28877,28882,28888,
28898,28899,28900,28947,28952,28955,29207,29225,29226,29462,29494,29495,29543,29544,29547,
29627,29633,29642,29663,29705,29744,29764,29813,29844,29921,29925,29931,29932,29936,29937,
29942,30088,30377,30378,30381,30384,30388,30426,30436,30453,30710,30824,30831,31065,31068,
31088,31090,31093,31333,31631,31689,31719,31721,31727,31731,31794,31874,31891,31900,31931,
31955,32084,32087,32351,32362,32542,32612,32672,32727,32731,32733,32765,32772,32773,32777,
32778,32779,32780,32782,32783,32789,32790,32791,32792,32795,32796,32798,32799,32800,32801,
32805,32806,32917,32961,33021,33022,33028,33038,33123,33227,33244,33295,33439,33448,33462,
33468,33481,33550,33554,33642,33644,33646,33651,33652,33653,33657,33660,33661,33670,33672,
33678,33764,33788,33790,33863,33867,33872,33878,34036,34061,34064,34065,34069,34076,34109,
34111,34112,34117,34210,34211,34213,34215,34216,34217,34218,34219,34220,34221,34259,34262,
34264,34265,34266,34267,34280,34296,34342,34343,34346,34347,34348,34349,34350,34351,34380,
34382,34385,34411,34414,34415,34416,34418,34419,34420,34423,34435,34436,34437,34460,34463,
34464,34486,34516,34519,34555,34556,34557,34558,34559,34593,34648,34649,34650,34652,34656,
34657,34658,34682,34688,34701,34706,34750,34790,34793,34794,34796,34797,34801,34805,34810,
34812,34815,34816,34822,34824,34827,34828,34829,34830,34831,34833,34835,34836,34837,34838,
34899,34901,34907,34918,35010,35051,35059,35060,35066,35068,35128,35134,35256,35257,35271,
35272,35273,35274,35277,35278,35279,35280,35281,35322,35326,35332,35333,35335,35340,35341,
35343,35344,35345,35347,35376,35381,35385,35395,35398,35399,35426,35431,35434,35444,35445,
35446,35447,35449,35450,35451,35456,35483,35542,35588,35589,35590,35591,35592,35593,35594,
35601,35602,35608,35609,35633,35635,35636,35637,35638,35639,35643,35644,35646,35647,35648,
35651,35652,35653,35654,35655,35671,35692,35693,35694,35716,35719,35720,35722,35723,35724,
35725,35726,35727,35728,35734,35736,35739,35740,35770,35773,35774,35775,35776,35777,35778,
35808,35809,35810,35811,35826,35854,35858,35866,35873,35886,35887,35889,35890,35911,35912,
35913,35914,35915,35916,35917,35920,35921,35941,35942,35943,35944,35945,35946,36001,36002,
36003,36004,36005,36006,36008,36133,36138,36140,36165,36166,36167,36168,36169,36170,36206,
36215,36216,36217,36252,36253,36310,36314,36338,36339,36340,36341,36346,36347,36348,36349,
36350,36352,36397,36398,36399,36400,36401,36402,36403,36404,36406,36428,36441,36455,36460,
36465,36466,36467,36468,36469,36471,36480,36484,36553,36561,36562,36615,36621,36685,36686,
36687,36780,36781,36784,36787,36788,36790,36791,36800,36801,36802,36803,36805,36806,36807,
36817,36819,36821,36822,36823,36825,36826,36827,36861,36892,36920,36997,36998,37000,37001,
37002,37003,37017,37044,37045,37046,37047,37050,37109,37111,37166,37167,37168,37169,37170,
37171,37172,37175,37331,37332,37334,37453,37455,37462,37470,37471,37501,37502,37519,37520,
37521,37593,37596,37629,37630,37646,37661,37663,37668,37673,37703,37704,37706,37707,37753,
37755,37756,37758,37791,37792,37795,37796,37881,37883,37885,37888,37919,37922,37923,37924,
37928,37932,37937,37947,37949,38017,38019,38120,38121,38122,38125,38171,38227,38228,38250,
38251,38252,38253,38254,38255,38256,38257,38258,38259,38285,38288,38289,38290,38291,38292,
38312,38336,38337,38342,38343,38344,38345,38393,38397,38398,38403,38421,38422,38423,38424,
38427,38471,38526,38531,38532,38658,38669,38670,38671,38672,38673,38674,38675,38676,38717,
38720,38721,38723,38724,38725,38735,38736,38779,38793,38867,38877,38881,38908,38909,38910,
38911,38913,38914,38952,38975,38976,38978,38979,38984,38985,38986,39001,39002,39003,39005,
39007,39009,39010,39011,39012,39014,39015,39016,39031,39032,39033,39034,39035,39036,39037,
39038,39057,39062,39135,39189,39190,39191,39192,39193,39195,39196,39198,39199,39200,39269,
39270,39400,39401,39402,39403,39404,39405,39406,39413,39514,39521,39552,39566,39568,39571,
39601,39602,39603,39604,39605,39606,39607,39608,39609,39614,39615,39616,39617,39618,39620,
39621,39622,39623,39624,39636,39637,39638,39729,39730,39731,39732,39744,39745,39746,39747,
39748,39750,39976,39978,40009,40012,40035,40039,40047,40049,40051,40052,40087,40090,40208,
40209,40210,40310,40356,40357,40358,40421,40468,40469,40473,40474,40475,40477,40483,40485,
40486,40488,40490,40512,40616,40689,40703,40704,40880,40987,40989,40995,40997,40998,40999,
41000,41001,41002,41003,41005,41006,41007,41008,41108,41109,41136,41218,41219,41221,41223,
41224,41225,41226,41228,41393,41394,41395,41396,41397,41398,41400,41470,41490,41493,41496,
41511,41512,41513,41514,41543,41544,41545,41546,41547,41549,41590,41591,41592,41593,41594,
41595,41596,41598,41694,41695,41721,41727,41728,41729,41747,41748,41749,41750,41752,41756,
41757,41758,41759,41760,41761,41775,41776,41801,41802,41803,41804,41805,41806,41807,41808,
41809,41827,41828,41829,41830,41831,41832,41895,41896,41897,41899,41900,41911,41919,41920,
41921,41922,41923,41924,41925,41927,41931,41932,41933,41947,41948,41950,41951,41953,41972,
41973,41974,41975,42028,42029,42030,42031,42032,42103,42104,42107,42120,42121,42122,42123,
42124,42125,42126,42128,42142,42148,42179,42180,42181,42182,42183,42185,42269,42270,42271,
42272,42273,42274,42275,42276,42277,42389,42393,42394,42395,42414,42415,42416,42417,42418,
42419,42421,42481,42482,42486,42487,42488,42489,42490,42498,42501,42502,42504,42505,42654,
42656,42657,42659,42756,42757,42758,42760,42761,42762,42764,42779,42780,42781,42783,42784,
42785,42903,42904,42906,42907,42909,42910,42941,42942,42943,42944,42945,43017,43018,43019,
43020,43021,43022,43047,43048,43049,43050,43051,43061,43062,43063,43066,43067,43070,43071,
43072,43074,43076,43079,43081,43082,43083,43084,43085,43086,43087,43094,43106,43116,43129,
43151,43152,43164,43180,43185,43218,43221,43239,43240,43241,43242,43243,43274,43298,43300,
43301,43303,43370,43371,43374,43381,43396,43397,43398,43408,43410,43449,43451,43467,43475,
43557,43559,43560,43561,43592,43593,43639,43640,43641,43884,43887,43888,43889,43891,43903,
43904,43954,43971,43994,43995,44027,44028,44029,44030,44033,44035,44036,44094,44132,44133,
44135,44136,44149,44150,44151,44152,44153,44156,44164,44165,44167,44169,44171,44172,44173,
44245,44341,44343,44344,44345,44346,44348,44403,44404,44409,44410,44421,44423,44439,44462,
44463,44620,44637,44638,44639,44640,44641,44642,44736,44737,44738,44739,44794,44796,44797,
44798,44799,44800,44801,44803,44804,44805,44812,44813,44814,44816,44817,44818,44820,44824,
44828,44832,44833,44883,44884,44885,44886,44887,44888,44889,44890,44891,44892,44893,44902,
44934,44935,44936,44937,44938,44939,44940,44941,45070,45071,45073,45074,45075,45076,45077,
45078,45079,45130,45133,45134,45136,45185,45187,45189,45190,45191,45220,45221,45222,45223,
45266,45269,45278,45286,45383,45384,45386,45387,45388,45389,45390,45484,45530,45531,45535,
45536,45539,45578,45579,45581,45594,45595,45596,45597,45598,45634,45636,45637,45638,45641,
45642,45643,45705,45706,45707,45708,45709,45813,45814,45816,45817,45818,45819,45874,45876,
45976,45977,45978,45979,45980,45981,45983,45985,45986,45987,45988,45989,45990,45991,45992,
46006,46007,46008,46009,46011,46165,46168,46253,46254,46255,46256,46258,46259,46260,46262,
46299,46301,46302,46304,46305,46315,46316,46317,46318,46319,46320,46321,46322,46323,46338,
46339,46341,46342,46347,46348,46378,46379,46380,46381,46382,46383,46384,46456,46457,46458,
46459,46460,46488,46489,46504,46563,46564,46565,46566,46567,46568,46570,46571,46622,46623,
46647,46672,46673,46674,46675,46676,46677,46678,46958,46959,46960,46962,46963,46964,46966,
47043,47044,47045,47046,47047,47052,47053,47115,47116,47117,47118,47119,47127,47128,47129,
47130,47131,47132,47134,47135,47136,47138,47139,47153,47154,47155,47157,47158,47159,47160,
47161,47162,47163,47164,47165,47166,47198,47332,47333,47334,47335,47386,47387,47388,47389,
47390,47391,47481,47483,47484,47575,47589,47590,47591,47592,47593,47594,47595,47596,47714,
47734,47736,47737,47739,47801,47806,47845,47847,47884,47903,47905,47906,47907,47909,47910,
47919,47931,47941,47942,47943,47944,47946,47947,47948,47949,47950,47951,47958,47979,47981,
47983,47984,47994,47995,47996,47997,47999,48000,48002,48003,48006,48007,48008,48009,48070,
48071,48072,48074,48075,48076,48148,48151,48153,48154,48241,48242,48243,48244,48245,48402,
48403,48404,48405,48406,48407,48408,48409,48515,48519,48541,48680,48682,48683,48728,48771,
48772,48774,48775,48776,48777,48860,48908,48910,48911,48912,48914,48916,48917,48964,48967,
48968,48969,48970,48971,48973,48974,48975,48976,49060,49061,49149,49150,49151,49152,49154,
49155,49156,49158,49159,49160,49161,49162,49163,49164,49192,49198,49215,49271,49273,49274,
49306,49310,49399,49416,49420,49421,49422,49423,49424,49427,49429,49430,49432,49437,49441,
49442,49443,49444,49445,49530,49534,49569,49571,49572,49573,49575,49576,49640,49659,49660,
49661,49662,49664,49666,49670,49695,49696,49697,49698,49699,49714,49732,49739,49784,49785,
49786,49787,49788,49790,49791,49792,49851,49852,49853,49875,49876,49916,49919,49920,49975,
49979,49988,49989,49991,50001,50002,50004,50005,50006,50007,50109,50110,50111,50112,50113,
50135,50136,50137,50138,50140,50141,50142,50204,50205,50207,50208,50209,50210,50241,50255,
50397,50398,50400,50401,50419,50420,50421,50422,50424,50453,50455,50458,50459,50460,50461,
50462,50463,50465,50467,50529,50532,50536,50577,50578,50579,50580,50651,50652,50653,50654,
50655,50656,50657,50658,50659,50660,50661,50662,50663,50664,50665,50666,50667,50668,50669,
50670,50680,50687,50688,50690,50694,50697,50700,50706,50707,50708,50709,50710,50711,50712,
50761,50762,50763,50764,50765,50766,50776,50777,50779,50806,50808,50809,50810,50811,50812,
50831,50832,50833,50834,50835,50836,50838,50840,50899,50905,50919,50920,50944,50953,50955,
50956,50957,50959,50960,51005,51006,51008,51038,51039,51041,51042,51050,51062,51064,51072,
51073,51074,51075,51076,51088,51089,51090,51092,51093,51094,51095,51096,51097,51098,51099,
51100,51101,51102,51104,51105,51106,51107,51108,51110,51112,51113,51114,51115,51116,51117,
51118,51119,51120,51121,51122,51123,51124,51186,51187,51188,51189,51190,51191,51192,51194,
51195,51196,51197,51198,51199,51200,51201,51202,51203,51239,51240,51241,51242,51243,51244,
51246,51247,51254,51255,51258,51259,51262,51263,51264,51265,51272,51273,51274,51275,51276,
51277,51282,51283,51284,51285,51286,51287,51288,51305,51310,51311,51312,51313,51314,51315,
51316,51337,51352,51376,51377,51378,51379,51381,51389,51402,51403,51406,51408,51409,51410,
51427,51432,51433,51435,51437,51439,51440,51441,51443,51444,51446,51447,51448,51449,51450,
51452,51453,51454,51463,51473,51474,51475,51476,51478,51479,51480,51487,51492,51493,51494,
51508,51510,51516,51549,51551,51552,51553,51557,51563,51576,51577,51580,51581,51598,51599,
51600,51601,51602,51604,51605,51606,51607,51608,51609,51611,51658,51660,51662,51663,51666,
51674,51702,51703,51705,51727,51728,51730,51734,51743,51745,51746,51753,51754,51755,51756,
51757,51760,51761,51762,51763,51764,51766,51767,51770,51771,51790,51791,51792,51793,51795,
51803,51830,51833,51840,51843,51846,51847,51848,51849,51850,51851,51852,51853,51857,51859,
51900,51903,51904,51905,51906,51907,51909,51911,51912,51939,51940,51943,51944,51945,51946,
51947,51948,51950,51951,51953,51958,51970,52007,52008,52009,52016,52018,52019,52020,52021,
52023,52024,52025,52035,52036,52037,52044,52045,52046,52048,52049,52050,52051,52062,52082,
52083,52085,52087,52088,52089,52101,52102,52103,52105,52106,52107,52108,52150,52156,52157,
52158,52159,52204,52205,52206,52207,52208,52209,52210,52211,52220,52221,52222,52223,52286,
52288,52289,52290,52291,52328,52329,52333,52346,52347,52348,52349,52350,52351,52352,52353,
52355,52416,52461,52462,52463,52464,52465,52466,52467,52469,52470,52471,52473,52474,52475,
52476,52477,52478,52496,52497,52498,52500,52501,52502,52503,52504,52505,52521,52522,52559,
52563,52569,52571,52582,52583,52586,52588,52597,52687,52689,52690,52691,52692,52693,52695,
52696,52697,52698,52722,52725,52726,52728,52735,52745,52746,52747,52748,52749,52750,52751,
52779,52781,52790,52791,52858,52859,52874,52875,52876,52877,52878,52895,52897,52898,52899,
52900,52901,52902,52903,52904,52905,52908,52910,52934,52937,52940,52941,52942,52943,52944,
52945,52946,52947,52949,52956,52957,52958,52959,52960,52961,53042,53043,53044,53045,53046,
53047,53049,53050,53076,53107,53132,53133,53145,53146,53147,53148,53149,53163,53164,53165,
53166,53167,53168,53169,53171,53173,53174,53178,53179,53253,53254,53255,53256,53257,53258,
53259,53309,53310,53311,53315,53316,53323,53334,53335,53377,53379,53380,53405,53406,53407,
53408,53409,53410,53432,53436,53480,53481,53483,53484,53485,53486,53487,53488,53489,53494,
53500,53501,53510,53511,53513,53515,53516,53520,53536,53537,53538,53539,53540,53541,53543,
53544,53545,53547,53549,53550,53555,53558,53559,53561,53562,53563,53565,53568,53569,53570,
53572,53582,53583,53584,53586,53587,53804,53805,53806,53807,53809,53810,53811,53867,53868,
53871,53872,53873,53874,53875,53877,53878,53908,53984,53985,53986,54003,54004,54005,54008,
54010,54041,54042,54043,54044,54045,54051,54052,54053,54054,54055,54123,54125,54126,54183,
54184,54185,54218,54219,54220,54223,54224,54225,54226,54227,54228,54229,54230,54251,54257,
54258,54259,54260,54261,54262,54263,54264,54265,54275,54276,54277,54278,54279,54280,54281,
54282,54283,54284,54285,54286,54287,54288,54289,54291,54292,54293,54294,54295,54362,54375,
54379,54380,54381,54382,54387,54396,54398,54400,54421,54423,54424,54425,54431,54445,54455,
54456,54457,54465,54503,54504,54505,54506,54507,54508,54516,54517,54550,54551,54553,54554,
54599,54600,54601,54602,54603,54615,54616,54617,54618,54619,54620,54621,54663,54681,54682,
54683,54684,54685,54686,54688,54702,54719,54731,54732,54845,54846,54848,54849,54850,54856,
54857,54859,54860,54861,54862,54863,54864,54865,54866,54867,54869,54870,54894,54895,54896,
54898,54929,54955,54956,54957,54958,54959,54960,54961,54962,54963,54964,54965,55025,55026,
55027,55028,55029,55031,55035,55036,55037,55038,55039,55048,55050,55052,55053,55054,55055,
55056,55057,55058,55059,55062,55063,55065,55093,55094,55095,55096,55106,55108,55119,55148,
55207,55208,55209,55210,55211,55212,55213,55216,55222,55224,55226,55229,55230,55232,55234,
55235,55236,55260,55261,55378,55380,55381,55382,55383,55384,55385,55386,55392,55394,55395,
55396,55397,55398,55399,55413,55414,55415,55416,55421,55439,55440,55441,55454,55455,55456,
55457,55458,55459,55460,55461,55466,55467,55468,55470,55472,55473,55474,55476,55477,55478,
55516,55517,55518,55519,55520,55521,55527,55548,55550,55564,55565,55567,55618,55620,55621,
55622,55623,55624,55626,55628,55655,55656,55657,55658,55660,55661,55662,55663,55664,55665,
55666,55667,55668,55669,55670,55671,55672,55673,55674,55676,55677,55678,55747,55748,55749,
55750,55751,55773,55774,55776,55778,55845,55846,55848,55850,55851,55852,55948,55949,55953,
55965,55966,55967,55968,55982,55983,55984,55985,55986,55987,55988,55989,55990,55992,55993,
55994,55995,55996,55997,55998,55999,56000,56001,56002,56003,56004,56012,56013,56015,56016,
56019,56020,56038,56079,56080,56081,56082,56083,56084,56085,56137,56139,56142,56210,56212,
56237,56238,56239,56240,56252,56253,56254,56255,56256,56278,56279,56282,56283,56313,56315,
56316,56317,56318,56319,56340,56341,56342,56343,56344,56391,56392,56393,56394,56395,56463,
56464,56465,56466,56467,56494,56495,56496,56497,56498,56533,56535,56536,56537,56552,56553,
56559,56561,56562,56563,56564,56565,56604,56605,56606,56651,56652,56653,56654,56655,56656,
56657,56658,56717,56718,56719,56720,56721,56723,56778,56780,56781,56805,56806,56807,56808,
56809,56810,56811,56820,56833,56865,56866,56869,56870,56871,56872,56908,56935,56936,56937,
56938,56940,56941,56959,56960,56961,56963,56964,56965,56966,56970,57002,57004,57005,57006,
57007,57008,57020,57021,57022,57023,57100,57101,57102,57103,57104,57105,57106,57107,57112,
57115,57126,57127,57128,57129,57131,57142,57143,57144,57145,57146,57147,57248,57270,57271,
57273,57274,57275,57277,57278,57279,57361,57362,57366,57367,57368,57369,57370,57388,57393,
57394,57395,57396,57397,57398,57399,57408,57409,57411,57412,57413,57414,57416,57426,57427,
57428,57430,57431,57432,57433,57434,57435,57436,57444,57450,57471,57472,57473,57474,57475,
57476,57478,57496,57533,57534,57535,57536,57537,57538,57540,57541,57542,57543,57557,57558,
57559,57561,57562,57563,57608,57609,57610,57640,57641,57642,57643,57644,57645,57655,57659,
57660,57661,57663,57672,57673,57674,57675,57677,57678,57679,57710,57711,57712,57781,57782,
57783,57784,57797,57798,57799,57801,57802,57803,57810,57811,57812,57813,57814,57815,57816,
57833,57834,57835,57836,57837,57838,57839,57847,57848,57849,57851,57852,57853,57861,57862,
57863,57864,57865,57903,57904,57905,57906,57908,57909,57920,57921,57922,57923,57924,57926,
57927,57928,57929,57930,57959,57960,57961,57962,57963,58010,58011,58012,58013,58014,58015,
58040,58041,58042,58043,58067,58071,58072,58073,58074,58075,58076,58077,58113,58114,58115,
58116,58153,58155,58156,58157,58158,58194,58195,58196,58197,58198,58200,58201,58202,58203,
58255,58256,58257,58258,58259,58260,58261,58262,58373,58374,58375,58376,58377,58378,58379,
58380,58381,58384,58458,58459,58460,58461,58462,58463,58464,58465,58470,58471,58472,58473,
58474,58475,58476,58477,58478,58479,58480,58542,58543,58545,58546,58547,58548,58558,58559,
58560,58561,58562,58563,58600,58603,58604,58609,58610,58613,58614,58615,58616,58643,58665,
58675,58694,58709,58710,58711,58712,58713,58714,58715,58716,58717,58718,58729,58736,58746,
58747,58748,58749,58770,58771,58775,58782,58783,58784,58785,58786,58801,58808,58809,58810,
58811,58812,58873,58875,58876,58877,58929,58930,58931,59044,59066,59067,59068,59069,59070,
59071,59073,59074,59075,59076,59077,59078,59096,59097,59098,59099,59100,59163,59164,59165,
59166,59167,59238,59261,59271,59272,59273,59275,59276,59277,59280,59285,59287,59293,59300,
59304,59322,59327,59361,59363,59364,59365,59366,59367,59368,59369,59370,59371,59377,59382,
59383,59384,59385,59386,59397,59399,59410,59411,59412,59413,59429,59430,59431,59432,59433,
59439,59522,59523,59524,59525,59537,59538,59539,59540,59541,59542,59543,59608,59609,59610,
59611,59612,59672,59673,59674,59675,59676,59677,59678,59679,59699,59700,59701,59702,59703,
59704,59705,59706,59708,59709,59710,59711,59712,59714,59715,59769,59771,59773,59774,59875,
59876,59877,59878,59881,59882,59883,59918,59919,59920,59921,59922,59923,59924,59925,59926,
59927,59950,59953,59958,59959,59960,59961,59962,59963,59964,59968,59984,59985,59986,59987,
59988,59989,60009,60010,60012,60013,60014,60015,60031,60033,60034,60035,60036,60037,60038,
60039,60058,60059,60060,60094,60100,60101,60102,60103,60104,60105,60106,60147,60148,60149,
60150,60151,60152,60177,60178,60179,60180,60181,60182,60183,60184,60185,60186,60187,60189,
60190,60198,60199,60201,60202,60209,60210,60211,60212,60213,60293,60294,60295,60296,60297,
60317,60318,60353,60355,60356,60357,60372,60374,60403,60404,60405,60406,60413,60414,60415,
60416,60417,60441,60442,60443,60444,60445,60447,60448,60449,60450,60451,60452,60453,60454,
60455,60478,60479,60480,60481,60482,60483,60484,60504,60505,60506,60507,60508,60509,60510,
60512,60527,60528,60529,60530,60531,60532,60533,60544,60546,60547,60548,60549,60550,60551,
60553,60554,60555,60556,60563,60564,60565,60566,60584,60599,60600,60601,60609,60617,60650,
60651,60652,60653,60654,60655,60656,60692,60693,60694,60695,60696,60697,60698,60699,60700,
60709,60710,60712,60713,60714,60715,60716,60717,60718,60720,60723,60724,60763,60764,60765,
60766,60807,60808,60809,60857,60917,60918,60919,60937,60938,60939,60940,60941,60942,60943,
60992,60993,60994,60995,60996,60997,60998,61016,61017,61018,61019,61046,61047,61048,61049,
61050,61051,61063,61064,61065,61067,61074,61075,61076,61077,61078,61079,61080,61081,61083,
61084,61085,61086,61087,61088,61089,61090,61091,61092,61093,61094,61095,61117,61118,61120,
61121,61122,61123,61124,61125,61137,61138,61147,61148,61149,61150,61151,61152,61209,61210,
61211,61212,61213,61214,61215,61217,61222,61281,61282,61302,61316,61317,61318,61319,61321,
61324,61350,61351,61352,61353,61354,61359,61366,61367,61392,61393,61394,61395,61396,61489,
61490,61491,61493,61494,61495,61497,61527,61530,61532,61536,61537,61538,61539,61540,61581,
61594,61597,61599,61600,61601,61602,61603,61604,61606,61647,61649,61650,61655,61656,61657,
61660,61670,61674,61675,61676,61677,61706,61708,61710,61715,61716,61718,61751,61753,61754,
61759,61782,61785,61792,61794,61795,61796,61797,61798,61834,61835,61836,61839,61841,61843,
61926,61927,61980,61981,62010,62049,62050,62052,62053,62055,62060,62062,62065,62073,62076,
62077,62078,62107,62108,62109,62110,62111,62112,62114,62118,62120,62168,62169,62170,62171,
62172,62173,62174,62219,62236,62244,62247,62249,62250,62255,62278,62296,62298,62303,62307,
62325,62326,62327,62329,62342,62364,62365,62368,62388,62400,62402,62403,62404,62406,62408,
62414,62431,62435,62451,62492,62511,62532,62550,62552,62588,62598,62603,62606,62619,62645,
62667,62727,62728,62729,62730,62731,62732,62733,62734,62735,62736,62737,62740,62752,62754,
62805,62806,62808,62809,62811,62815,62816,62868,62879,62881,62883,62884,62887,62888,62889,
62892,62910,62911,62925,62943,62948,62953,62957,62992,62993,62994,62995,63002,63004,63005,
63007,63008,63010,63145,63148,63149,63150,63152,63153,63270,63273,63310,63311,63312,63313,
63377,63394,63407,63410,63424,63429,63432,63438,63440,63441,63442,63445,63446,63461,63462,
63464,63465,63466,63471,63480,63481,63483,63484,63485,63506,63507,63509,63511,63512,63538,
63542,63545,63548,63551,63553,63554,63623,63625,63626,63628,63632,63646,63647,63648,63675,
63911,63915,63916,63943,63944,63945,63947,63948,63956,63958,63959,63960,63970,63973,63974,
63975,63976,63977,63978,64048,64050,64051,64053,64138,64139,64141,64142,64205,64206,64207,
64208,64211,64213,64235,64236,64240,64241,64264,64265,64266,64267,64269,64270,64271,64272,
64273,64285,64286,64287,64288,64289,64333,64452,64554,64556,64558,64581,64585,64589,64590,
64593,64594,64614,64616,64648,64652,64653,64701,64702,64703,64704,64705,64706,64707,64708,
64744,64745,64747,64759,64760,64761,64763,64765,64817,64819,64827,64829,64858,64861,64863,
64864,64867,64868,64869,64870,65135,65137,65219,65220,65221,65222,65223,65231,65238,65246,
65435,65437,65438,65439,65440,65441,65442,65443,65444,65454,65455,65458,65511,65520,65521,
65522,65524,65559,65572,65870,65871,65872,65873,65876,65878,65879,65880,65881,65882,65888,
65893,65895,65896,65897,65898,65900,65901,65903,65904,65906,65994,65995,65998,66000,66001,
66002,66003,66004,66005,66006,66007,66049,66051,66077,66100,66119,66120,66121,66122,66123,
66126,66127,66134,66135,66136,66137,66138,66139,66141,66143,66145,66146,66164,66168,66513,
66515,66519,66520,66530,66531,66534,66536,66537,66538,66632,66634,66635,66636,66637,66638,
66643,66644,66645,66659,66660,66662,66663,66664,66665,66666,66669,66700,66701,66702,66703,
66708,66719,66737,66739,66776,66777,66795,66802,66815,66816,66817,66818,66819,66821,66884,
67172,67173,67174,67175,67176,67178,67179,67180,67188,67189,67244,67245,67247,67248,67250,
67251,67252,67347,67348,67349,67350,67414,67498,67500,67502,67503,67504,67505,67506,67527,
67544,67545,67546,67549,67550,67756,67837,67839,67840,67841,67855,67856,67858,67859,67899,
67900,67945,67946,67948,67997,67998,67999,68000,68002,68004,68005,68006,68007,68055,68065,
68095,68100,68105,68131,68134,68136,68141,68168,68224,68226,68241,68243,68247,68250,68258,
68259,68260,68261,68262,68263,68326,68369,68371,68372,68373,68376,68495,68549,68550,68551,
68553,68554,68556,68597,68598,68599,68600,68601,68602,68649,68650,68652,68653,68654,68655,
68783,68784,68834,68835,68837,68838,68839,68840,68841,68844,68859,68861,68867,68895,68899,
68912,68913,68914,68915,69000,69010,69038,69048,69049,69050,69065,69068,69117,69142,69161,
69233,69234,69236,69238,69262,69266,69267,69283,69285,69290,69367,69368,69370,69403,69404,
69405,69408,69409,69410,69533,69534,69536,69537,69538,69575,69576,69578,69579,69580,69601,
69602,69603,69665,69732,69733,69734,69735,69737,69738,69739,69740,69741,69772,70100,70211,
70270,70276,70277,70415,70416,70421,70545,70546,70547,70548,70554,70555,70556,70600,70602,
70634,70669,70671,70672,70674,70757,70758,70759,70812,70902,70903,70904,70905,70907,70908,
70909,70910,70911,70912,70956,70957,70958,70973,70975,71044,71093,71094,71095,71096,71097,
71098,71099,71106,71134,71146,71157,71202,71208,71209,71210,71211,71212,71213,71215,71237,
71238,71239,71240,71243,71244,71341,71344,71345,71347,71348,71349,71350,71351,71399,71400,
71401,71530,71533,71535,71537,71538,71539,71540,71560,71562,71564,71566,71568,71569,71570,
71571,71572,71573,71579,71606,71614,71756,71757,71760,71890,71891,71892,71893,71913,71917,
72013,72014,72019,72054,72055,72056,72058,72059,72061,72089,72161,72162,72163,72164,72165,
72166,72167,72214,72215,72220,72221,72223,72224,72225,72226,72227,72260,72261,72262,72263,
72287,72307,72311,72409,72412,72558,72627,72628,72629,72630,72631,72700,72701,72702,72805,
72867,72872,72873,72874,72875,72877,72878,72879,72881,72882,72885,73059,73061,73062,73306,
73308,73309,73311,73313,73369,73370,73371,73372,73374,73474,73475,73477,73478,73479,73480,
73538,73539,73540,73541,73542,73543,73559,73560,73561,73562,73563,73564,73566,73573,73574,
73576,73577,73579,73580,73582,73583,73584,73760,73761,73762,73886,73887,73888,73889,73890,
73900,73901,73902,73904,73906,73913,73916,73917,73918,73919,74053,74060,74093,74097,74098,
74104,74200,74201,74205,74206,74207,74227,74228,74230,74231,74232,74233,74234,74237,74240,
74241,74264,74265,74266,74267,74268,74270,74271,74272,74273,74274,74277,74278,74279,74308,
74309,74310,74313,74314,74465,74466,74467,74468,74469,74470,74601,74619,74620,74621,74622,
74718,74719,74720,74721,74722,74723,74724,74725,74734,74735,74736,74740,74741,74756,74766,
74767,74860,74861,74862,74863,74864,74880,74893,74895,74896,74898,74899,74900,74901,74902,
74903,74904,74905,74908,74909,74938,74939,74940,74941,74944,74947,74973,74975,74976,74980,
74988,74990,75123,75124,75250,75253,75254,75343,75345,75346,75347,75349,75350,75390,75391,
75409,75412,75546,75547,75548,75549,75553,75554,75588,75589,75590,75592,75593,75594,75595,
75596,75597,75598,75599,75602,75633,75928,75929,75931,75932,76077,76252,76259,76260,76261,
76304,76306,76307,76308,76309,76310,76312,76313,76314,76315,76316,76334,76335,76336,76337,
76632,76634,76635,76636,76638,76667,76668,76670,76683,76684,76685,76712,76713,76714,76715,
76716,76717,76718,76758,76759,76760,76761,76762,76786,76787,76788,76789,76790,76792,76834,
76836,76837,76838,76841,76868,76892,76893,76894,76895,76896,76897,76898,76913,76915,76917,
76918,76964,76965,76966,76967,76969,76970,76990,76992,76993,76994,76995,77017,77018,77019,
77020,77037,77050,77084,77224,77235,77243,77259,77263,77266,77278,77283,77287,77290,77303,
77306,77325,77326,77327,77328,77329,77330,77410,77415,77434,77448,77449,77451,77499,77501,
77504,77539,77540,77541,77542,77543,77547,77548,77549,77551,77557,77558,77559,77630,77631,
77632,77633,77635,77641,77668,77832,77833,77834,77835,77939,77940,77948,77950,77951,77952,
77953,77954,77976,77978,78075,78118,78119,78120,78202,78231,78232,78250,78251,78253,78254,
78282,78283,78284,78285,78286,78318,78327,78328,78329,78332,78333,78335,78336,78387,78390,
78522,78523,78524,78525,78526,78527,78575,78590,78608,78627,78637,78638,78647,78689,78773,
78784,78786,78787,78806,78807,78817,78868,78883,78891,78893,78904,78916,78917,78919,78920,
78924,78932,78933,78953,78959,78961,78962,78963,78964,78965,79002,79003,79195,79197,79339,
79340,79341,79342,79343,79344,79345,79346,79389,79390,79391,79392,79455,79456,79457,79458,
79459,79508,79509,79510,79511,79512,79536,79538,79540,79553,79639,79640,79641,79642,79643,
80040,80041,80069,80086,80093,80100,80105,80109,80115,80116,80117,80118,80119,80121,80122,
80124,80125,80126,80137,80138,80139,80230,80237,80252,80253,80255,80256,80257,80258,80261,
80271,80276,80279,80298,80317,80319,80320,80321,80322,80449,80451,80452,80453,80501,80523,
80529,80548,80555,80725,80726,80727,80728,80729,80730,80743
END_

! ----------------------------------------------------------------
!
! Design Response: Stiffness_Measure
!
DRESP
  ID_NAME = Stiffness_Measure
  LIST = NO_LIST
  DEF_TYPE = SYSTEM
  EL_GROUP = ALL_ELEMENTS
  TYPE = ENERGY_STIFF_MEASURE
  GROUP_OPER = SUM
  LC_SEL = SUM 
  LC_SET = STATIC, ALL, ALL, MAX
END_

! ----------------------------------------------------------------
!
! Design Response: Mass_DResp_1
!
DRESP
  ID_NAME = Mass_DResp_1
  LIST = NO_LIST
  DEF_TYPE = SYSTEM
  EL_GROUP = ALL_ELEMENTS
  TYPE = WEIGHT
  GROUP_OPER = SUM
END_

! ----------------------------------------------------------------
!
!
! Design Area: Task1_DESIGN_AREA
!
DV_TOPO
  ID_NAME = Task1_DESIGN_AREA
  EL_GROUP = ALL_ELEMENTS
END_

! ----------------------------------------------------------------
!
! Objective Function: StiffnessEnergy_Obj_Func
!
OBJ_FUNC
  ID_NAME = StiffnessEnergy_Obj_Func
  DRESP = Stiffness_Measure, 1.0
  TARGET = MIN
END_

! ----------------------------------------------------------------
!
! Constraint: Mass_Constraint_1
!
CONSTRAINT
  ID_NAME = Mass_Constraint_1
  DRESP = Mass_DResp_1
  MAGNITUDE = REL
  LE_VALUE = 0.7
END_

! ----------------------------------------------------------------
!
! Geometric Restriction: Frozen_ManufacConstraint_2
!
DVCON_TOPO
  ID_NAME = Frozen_ManufacConstraint_2
  EL_GROUP = FROZEN_AREA_ELEMS_GRP_1
  CHECK_TYPE = FROZEN
END_

! ----------------------------------------------------------------
!
! CS_DEF: Datum_CSys_4
!
CS_DEF
  ID_NAME = Datum_CSys_4
  CS_TYPE = RECTANGULAR
  DEF_TYPE = LOCAL
  CS_REF = CS_0
  ORIGIN_123 = 0.000000, 0.000000, 0.000000
  ROTATION_321 = 0.000000, -0.000000, -90.000000
END_

! ----------------------------------------------------------------
!
! Geometric Restriction: Symm_ManufacConstraint_3-1
!
LINK_TOPO
  ID_NAME = Symm_ManufacConstraint_3-1_LINK_
  TYPE = PLANE_SYM, AXIS_3
  CS = Datum_CSys_4 
  IGNORE_FROZEN = FALSE
END_

DVCON_TOPO
  ID_NAME = Symm_ManufacConstraint_3-1
  EL_GROUP = ALL_ELEMENTS
  CHECK_TYPE = LINK_TOPO
  CHECK_LINK = Symm_ManufacConstraint_3-1_LINK_
END_

! ----------------------------------------------------------------
!
!
! Optimize: OPTIMIZE_1_TOPOLOGY_OPTIMIZATION_CONTROLLER 
!
OPTIMIZE
  ID_NAME = OPTIMIZE_1_TOPOLOGY_OPTIMIZATION_SENSITIVITY
  DV = Task1_DESIGN_AREA
  OBJ_FUNC = StiffnessEnergy_Obj_Func
  DVCON = Frozen_ManufacConstraint_2
  DVCON = Symm_ManufacConstraint_3-1
  CONSTRAINT = Mass_Constraint_1
  STRATEGY = TOPO_SENSITIVITY
END_

OPT_PARAM
  ID_NAME = OPTIMIZE_1_TOPOLOGY_OPTIMIZATION_SENSITIVITY_OPT_PARAM_
  OPTIMIZE = OPTIMIZE_1_TOPOLOGY_OPTIMIZATION_SENSITIVITY
  DV_UPDATE_STRATEGY = CSA
  STABILIZATION = YES
  AUTO_FROZEN = BOTH
  AUTO_FROZEN_CON = BOTH
  STOP_CRITERION_LEVEL = BOTH
  STOP_CRITERION_OBJ = 0.001
  STOP_CRITERION_DENSITY = 0.005
END_

STOP
  ID_NAME = Task-1_GLOBAL_STOP_CONDITION_
  ITER_MAX = 75
END_

